1.000000000 0.000000000 0.000000000 -0.000000000 0.000000000 1.000000000 0.000000000 0.000000000 0.000000000 0.000000000 1.000000000 0.000000000
0.999999762 0.000416355 -0.000592242 0.001543619 -0.000416378 0.999999940 -0.000040218 -0.001093763 0.000592225 0.000040465 0.999999821 -0.004809442
0.999998033 0.001983178 0.000119549 0.000610331 -0.001983162 0.999998033 -0.000135606 -0.000940282 -0.000119818 0.000135368 1.000000000 -0.004834371
0.999999225 0.000974793 -0.000795489 0.001326884 -0.000974643 0.999999523 0.000188236 -0.001840085 0.000795672 -0.000187461 0.999999642 -0.005522191
0.999999821 0.000318322 -0.000513656 0.001052009 -0.000318173 0.999999881 0.000289047 -0.001443644 0.000513748 -0.000288883 0.999999821 -0.003816971
0.999999642 0.000154238 -0.000852799 0.002203006 -0.000154220 1.000000000 0.000021366 -0.001816712 0.000852802 -0.000021235 0.999999642 -0.008388459
0.999999404 -0.000144810 -0.001071092 0.002537922 0.000145349 0.999999881 0.000502815 -0.002678118 0.001071019 -0.000502970 0.999999285 -0.007258228
0.999999702 0.000660151 -0.000430717 0.001696777 -0.000660157 0.999999762 -0.000014911 -0.001700631 0.000430707 0.000015196 0.999999881 -0.004807801
0.999999762 0.000357662 -0.000559128 0.001472963 -0.000357480 0.999999881 0.000325282 -0.001998155 0.000559245 -0.000325082 0.999999762 -0.007834610
0.999999344 -0.000357974 -0.001071341 0.002359875 0.000358196 0.999999940 0.000207573 -0.001817806 0.001071267 -0.000207956 0.999999404 -0.007553298
0.999999344 0.000932060 -0.000641417 0.001293932 -0.000932128 0.999999583 -0.000105538 -0.001436307 0.000641318 0.000106135 0.999999762 -0.006579380
0.999999523 0.000343438 -0.000901368 0.001453134 -0.000343123 0.999999881 0.000349571 -0.002037948 0.000901488 -0.000349261 0.999999523 -0.005411046
0.999999583 0.000677839 -0.000581604 0.001511147 -0.000677846 0.999999762 -0.000011969 -0.001887567 0.000581596 0.000012364 0.999999821 -0.006914565
0.999999046 0.000657010 -0.001230636 0.002319965 -0.000656698 0.999999762 0.000253883 -0.001900925 0.001230803 -0.000253075 0.999999225 -0.006536412
0.999999404 -0.000328319 -0.001068306 0.002214177 0.000328639 0.999999881 0.000299705 -0.001577487 0.001068207 -0.000300056 0.999999404 -0.007164782
0.999999762 0.000021385 -0.000725945 0.002020766 -0.000021195 0.999999940 0.000261718 -0.001871495 0.000725950 -0.000261703 0.999999702 -0.007982021
0.999999285 -0.000272678 -0.001159588 0.002556407 0.000273050 0.999999940 0.000320811 -0.002556096 0.001159501 -0.000321128 0.999999285 -0.009029161
0.999999642 0.000189031 -0.000847281 0.002173414 -0.000188642 0.999999881 0.000458198 -0.002797537 0.000847368 -0.000458038 0.999999523 -0.008917453
0.999998152 0.001902917 -0.000273361 0.000923353 -0.001902885 0.999998212 0.000116993 -0.002427893 0.000273584 -0.000116472 0.999999940 -0.007440885
0.999999106 0.001245577 -0.000439681 0.001101923 -0.001245551 0.999999225 0.000058743 -0.002136266 0.000439754 -0.000058196 0.999999881 -0.006481961
0.999999285 0.001072632 -0.000569165 0.000712061 -0.001072584 0.999999404 0.000084424 -0.000573322 0.000569255 -0.000083813 0.999999821 -0.004103257
0.999998808 0.001487894 -0.000468247 0.001165374 -0.001487926 0.999998868 -0.000067931 0.000030825 0.000468146 0.000068628 0.999999881 -0.003110254
0.999999523 0.000974668 -0.000208326 0.000740776 -0.000974659 0.999999523 0.000043837 -0.000777217 0.000208369 -0.000043634 1.000000000 -0.004716323
0.999999583 0.000095446 -0.000934390 0.001828347 -0.000095271 1.000000000 0.000186549 -0.001419343 0.000934408 -0.000186460 0.999999523 -0.006256675
0.999999285 -0.000202301 -0.001196607 0.002378380 0.000202292 1.000000000 -0.000007846 -0.001406655 0.001196609 0.000007604 0.999999285 -0.005971503
0.999999464 0.000998506 -0.000322399 0.001221091 -0.000998576 0.999999464 -0.000216643 -0.000159709 0.000322183 0.000216965 0.999999940 -0.004697996
0.999999344 0.001067935 -0.000399440 0.000780223 -0.001067903 0.999999404 0.000080462 -0.001477389 0.000399526 -0.000080035 0.999999940 -0.006057728
0.999998987 0.001428612 -0.000165598 0.000618668 -0.001428595 0.999998987 0.000102130 -0.001168144 0.000165744 -0.000101893 1.000000000 -0.006107334
0.999999225 0.001177786 -0.000432469 0.001272505 -0.001177743 0.999999285 0.000099831 -0.002090863 0.000432587 -0.000099321 0.999999881 -0.007615305
0.999999464 0.000040094 -0.001035967 0.002559094 -0.000039772 0.999999940 0.000310794 -0.002229666 0.001035979 -0.000310753 0.999999404 -0.008344442
0.999999404 0.000724448 -0.000789432 0.002123201 -0.000724334 0.999999702 0.000144568 -0.002341749 0.000789536 -0.000143997 0.999999702 -0.008491424
0.999999523 0.000308070 -0.000927937 0.001653538 -0.000308015 0.999999940 0.000059310 -0.002086404 0.000927955 -0.000059024 0.999999583 -0.009819940
0.999998987 -0.000258677 -0.001416671 0.002762005 0.000258882 0.999999940 0.000144691 -0.001600603 0.001416634 -0.000145058 0.999998987 -0.008092630
0.999999166 0.001265446 -0.000330308 0.001643812 -0.001265414 0.999999166 0.000098686 -0.001809489 0.000330432 -0.000098268 0.999999940 -0.007782444
0.999999344 0.000661780 -0.000960742 0.002082961 -0.000661559 0.999999762 0.000230076 -0.001971003 0.000960894 -0.000229440 0.999999523 -0.008089575
0.999999583 0.000205089 -0.000881134 0.001578732 -0.000204827 0.999999940 0.000298316 -0.001674252 0.000881195 -0.000298135 0.999999583 -0.007092742
0.999999583 -0.000148382 -0.000901926 0.001917617 0.000148810 0.999999881 0.000474666 -0.002238660 0.000901855 -0.000474800 0.999999464 -0.007184759
0.999999523 0.000499820 -0.000850945 0.001630459 -0.000499760 0.999999881 0.000070327 -0.001794689 0.000850980 -0.000069901 0.999999642 -0.006536384
0.999999344 0.000076080 -0.001129864 0.002226606 -0.000075870 1.000000000 0.000185439 -0.001810226 0.001129878 -0.000185353 0.999999344 -0.005874988
0.999999464 0.000029671 -0.001035934 0.001950829 -0.000029436 1.000000000 0.000226719 -0.001292755 0.001035941 -0.000226689 0.999999464 -0.005013808
0.999998510 0.001710374 -0.000165280 0.000987412 -0.001710343 0.999998510 0.000186661 -0.001078031 0.000165599 -0.000186378 0.999999940 -0.005493548
0.999999285 0.001173467 -0.000289114 0.001145913 -0.001173425 0.999999285 0.000141906 -0.001672816 0.000289280 -0.000141566 0.999999940 -0.006336024
0.999999642 -0.000055646 -0.000828884 0.002335615 0.000056048 0.999999881 0.000485151 -0.002816305 0.000828857 -0.000485197 0.999999523 -0.009730590
0.999999583 -0.000176152 -0.000868133 0.003078249 0.000176423 0.999999940 0.000311739 -0.002053609 0.000868078 -0.000311892 0.999999583 -0.008298456
0.999999642 0.000173024 -0.000856438 0.001219463 -0.000172867 0.999999940 0.000183540 -0.001760278 0.000856470 -0.000183392 0.999999642 -0.006254228
0.999999762 0.000436980 -0.000515492 0.002216527 -0.000437006 0.999999881 -0.000051916 -0.001326691 0.000515470 0.000052142 0.999999881 -0.005347154
0.999998927 0.001455908 -0.000139532 0.001337850 -0.001455920 0.999998927 -0.000089259 -0.000798859 0.000139402 0.000089462 1.000000000 -0.004052877
0.999999523 0.000766281 -0.000616505 0.002097662 -0.000766325 0.999999702 -0.000070117 -0.001623004 0.000616451 0.000070590 0.999999821 -0.006987299
0.999999285 -0.000001296 -0.001180913 0.002947809 0.000001698 0.999999940 0.000341042 -0.002935911 0.001180913 -0.000341044 0.999999225 -0.011931144
0.999999464 0.000189397 -0.000994039 0.002349735 -0.000189156 0.999999940 0.000243177 -0.002450960 0.000994085 -0.000242989 0.999999464 -0.009811595
0.999999225 0.000230046 -0.001217082 0.002181037 -0.000229882 0.999999940 0.000134994 -0.001644733 0.001217113 -0.000134714 0.999999225 -0.007071463
0.999999881 0.000295815 -0.000422938 0.001288035 -0.000295765 0.999999940 0.000118470 -0.001344792 0.000422973 -0.000118345 0.999999881 -0.005243098
0.999999225 -0.000470448 -0.001167370 0.003008984 0.000470595 0.999999881 0.000126297 -0.001857060 0.001167311 -0.000126846 0.999999285 -0.005947578
0.999999583 0.000609569 -0.000682865 0.001708356 -0.000609473 0.999999821 0.000141178 -0.001320137 0.000682951 -0.000140761 0.999999762 -0.005364604
0.999999404 -0.000616644 -0.000899958 0.002275622 0.000617015 0.999999702 0.000411372 -0.002201825 0.000899704 -0.000411927 0.999999523 -0.007643680
0.999999404 0.000316545 -0.001030897 0.002150328 -0.000316298 0.999999940 0.000239476 -0.002307946 0.001030972 -0.000239150 0.999999464 -0.009496864
0.999999523 -0.000362422 -0.000896856 0.001732400 0.000362669 0.999999881 0.000275216 -0.002580553 0.000896756 -0.000275541 0.999999583 -0.009886499
0.999999464 0.000069756 -0.001058620 0.002102527 -0.000069804 1.000000000 -0.000045702 -0.001556400 0.001058617 0.000045776 0.999999464 -0.006498079
0.999998987 0.001199553 -0.000727609 0.001650901 -0.001199590 0.999999285 -0.000050000 -0.001633854 0.000727549 0.000050873 0.999999762 -0.006528819
0.999999583 0.000658034 -0.000599551 0.001792560 -0.000658075 0.999999762 -0.000067780 -0.001167452 0.000599506 0.000068175 0.999999821 -0.006717116
0.999999404 -0.000035606 -0.001088689 0.001770611 0.000035815 1.000000000 0.000192443 -0.001352049 0.001088682 -0.000192482 0.999999404 -0.005447122
0.999999762 -0.000126879 -0.000683510 0.001573701 0.000126853 1.000000000 -0.000037211 -0.000933977 0.000683514 0.000037124 0.999999762 -0.006283927
0.999999642 -0.000373398 -0.000765591 0.001546219 0.000373462 0.999999940 0.000082705 -0.001253055 0.000765560 -0.000082991 0.999999702 -0.005938209
0.999998748 -0.000159250 -0.001569349 0.002465114 0.000159601 0.999999940 0.000223513 -0.001784678 0.001569314 -0.000223763 0.999998748 -0.005784271
0.999999762 0.000577272 -0.000314517 0.000592499 -0.000577227 0.999999821 0.000144541 -0.002162278 0.000314601 -0.000144360 0.999999940 -0.007595161
0.999999762 0.000390804 -0.000576455 0.001366154 -0.000390912 0.999999881 -0.000186145 -0.000568013 0.000576382 0.000186370 0.999999821 -0.004933863
0.999999225 0.001209559 -0.000189526 0.000463871 -0.001209573 0.999999285 -0.000070262 -0.000515371 0.000189441 0.000070491 1.000000000 -0.002616609
0.999999583 0.000918947 -0.000131672 0.000594527 -0.000918960 0.999999583 -0.000099709 -0.000105823 0.000131580 0.000099830 1.000000000 -0.002535512
0.999999046 0.001228739 -0.000671310 0.001399532 -0.001228622 0.999999225 0.000174827 -0.001710538 0.000671524 -0.000174002 0.999999762 -0.007157253
0.999996364 -0.002461879 -0.001116306 0.003192952 0.002463778 0.999995530 0.001702690 -0.001681412 0.001112109 -0.001705434 0.999997914 -0.001295013
0.999998629 -0.001522776 -0.000603050 0.002446150 0.001523697 0.999997616 0.001530408 -0.001195812 0.000600718 -0.001531325 0.999998629 -0.001042063
0.999997854 -0.001963563 -0.000671121 0.003215224 0.001964614 0.999996841 0.001568006 -0.000902938 0.000668040 -0.001569321 0.999998510 0.000050901
0.999999046 -0.001245735 -0.000476244 0.002615969 0.001246669 0.999997199 0.001964187 -0.001678076 0.000473795 -0.001964780 0.999997914 -0.001389780
0.999997735 -0.001917790 -0.000896191 0.002980251 0.001919524 0.999996305 0.001938698 -0.001942095 0.000892470 -0.001940415 0.999997735 -0.001104710
0.999997973 -0.001868832 -0.000680887 0.002929160 0.001870036 0.999996662 0.001772826 -0.001618656 0.000677572 -0.001774096 0.999998152 -0.001208002
0.999998391 -0.001585437 -0.000830736 0.003087584 0.001586811 0.999997318 0.001655795 -0.001180141 0.000828109 -0.001657111 0.999998212 -0.001509251
0.999998391 -0.001545868 -0.000829886 0.002910927 0.001547251 0.999997318 0.001668688 -0.001354193 0.000827304 -0.001669970 0.999998212 -0.001710126
0.999998629 -0.001495528 -0.000690740 0.002759294 0.001496762 0.999997199 0.001789113 -0.001476518 0.000688062 -0.001790144 0.999998093 -0.001252734
0.999998629 -0.001586987 -0.000435517 0.002525383 0.001587675 0.999997437 0.001584656 -0.001141972 0.000433001 -0.001585346 0.999998629 -0.000522628
0.999998033 -0.001769888 -0.000876621 0.003075097 0.001771306 0.999997139 0.001619750 -0.001502447 0.000873752 -0.001621300 0.999998271 -0.001153934
0.999998689 -0.001339908 -0.000895100 0.002850057 0.001341394 0.999997675 0.001661265 -0.001426398 0.000892872 -0.001662463 0.999998212 -0.000897518
0.999998391 -0.001583185 -0.000794717 0.002810144 0.001584592 0.999997079 0.001773234 -0.001376716 0.000791908 -0.001774490 0.999998093 -0.000693386
0.999997914 -0.001894262 -0.000818445 0.002931285 0.001895575 0.999996901 0.001605622 -0.001153352 0.000815401 -0.001607170 0.999998331 -0.001048570
0.999994814 -0.002970701 -0.001183787 0.003744020 0.002972778 0.999993980 0.001756184 -0.001766761 0.001178563 -0.001759694 0.999997675 -0.002032135
0.999997795 -0.001883583 -0.000933452 0.003181627 0.001885105 0.999996841 0.001631649 -0.000986349 0.000930376 -0.001633405 0.999998212 -0.000262728
0.999998212 -0.001653423 -0.000916553 0.003171043 0.001654914 0.999997258 0.001627813 -0.001147744 0.000913859 -0.001629327 0.999998212 -0.000721910
0.999998271 -0.001760436 -0.000614071 0.002747552 0.001761497 0.999996901 0.001730792 -0.001502254 0.000611022 -0.001731871 0.999998331 -0.000439208
0.999998271 -0.001718505 -0.000699124 0.002723285 0.001719655 0.999997139 0.001648240 -0.001366001 0.000696289 -0.001649440 0.999998391 -0.001293358
0.999996543 -0.002455657 -0.000946014 0.003431599 0.002457512 0.999994993 0.001964840 -0.001736884 0.000941184 -0.001967158 0.999997556 -0.000539164
0.999998689 -0.001451768 -0.000722450 0.002648089 0.001453040 0.999997318 0.001762475 -0.001619150 0.000719889 -0.001763523 0.999998152 -0.001853562
0.999997616 -0.001956601 -0.000995943 0.003025736 0.001958166 0.999996841 0.001573195 -0.001521869 0.000992862 -0.001575142 0.999998271 -0.001108035
0.999998689 -0.001387372 -0.000743982 0.002964911 0.001388562 0.999997675 0.001600673 -0.001519259 0.000741759 -0.001601704 0.999998450 -0.001540350
0.999999642 -0.000767002 -0.000114303 0.001695092 0.000767204 0.999998093 0.001780555 -0.001455807 0.000112937 -0.001780643 0.999998391 -0.000900512
0.999999344 -0.001175544 -0.000248694 0.002291657 0.001175948 0.999997914 0.001631232 -0.001401759 0.000246776 -0.001631524 0.999998629 -0.000872101
0.999998271 -0.001801062 -0.000546422 0.002814358 0.001801990 0.999996901 0.001701632 -0.001215457 0.000543356 -0.001702613 0.999998391 -0.000434535
0.999996364 -0.002490899 -0.001003367 0.003089301 0.002492515 0.999995530 0.001612592 -0.001326476 0.000999345 -0.001615088 0.999998152 -0.000789730
0.999998927 -0.001376301 -0.000503079 0.002525342 0.001377069 0.999997854 0.001529634 -0.001443550 0.000500973 -0.001530325 0.999998689 -0.001179265
0.999996960 -0.002226479 -0.001001746 0.002867770 0.002228206 0.999995947 0.001726716 -0.001487080 0.000997897 -0.001728943 0.999997973 -0.001523676
0.999997675 -0.002055306 -0.000548037 0.002645548 0.002056631 0.999994814 0.002427236 -0.001367187 0.000543046 -0.002428358 0.999996901 -0.000059390
0.999997199 -0.002235224 -0.000699089 0.003441752 0.002236489 0.999995828 0.001813940 -0.002817935 0.000695032 -0.001815499 0.999998093 0.002080189
0.999988794 -0.003902506 -0.002684203 0.002952179 0.003889895 0.999981344 -0.004687231 -0.005056386 0.002702445 0.004676737 0.999985397 0.011020082
0.999980092 -0.005664077 -0.002771243 0.003052122 0.005638827 0.999943316 -0.009036135 -0.016690640 0.002822268 0.009020329 0.999955297 0.033296831
0.999969721 -0.007723267 0.000944140 0.004539727 0.007724398 0.999969542 -0.001198439 -0.029536771 -0.000934856 0.001205696 0.999998808 0.073519386
0.999969304 -0.007513606 -0.002216768 0.001742484 0.007507202 0.999967635 -0.002883041 -0.040104989 0.002238359 0.002866311 0.999993384 0.123629957
0.999943197 -0.009814916 -0.004169152 0.001993145 0.009781620 0.999920726 -0.007933500 -0.056734879 0.004246689 0.007892268 0.999959826 0.172614455
0.999933839 -0.010119649 -0.005470823 -0.000863010 0.010113843 0.999948204 -0.001088105 -0.075237080 0.005481553 0.001032702 0.999984443 0.238611177
0.999850810 -0.015230214 -0.008146545 0.006115029 0.015255853 0.999878824 0.003094278 -0.095541105 0.008098432 -0.003218099 0.999962032 0.299584597
0.999913990 -0.011569736 -0.006170115 0.002131239 0.011566177 0.999933004 -0.000612003 -0.112911999 0.006176782 0.000540585 0.999980807 0.373438030
0.999872088 -0.014167314 -0.007425996 0.001918498 0.014155252 0.999898374 -0.001674447 -0.135523051 0.007448964 0.001569115 0.999970973 0.441623956
0.999833941 -0.015320131 -0.009865684 0.004780366 0.015329814 0.999881983 0.000906754 -0.154879093 0.009850629 -0.001057843 0.999950886 0.506026089
0.999862969 -0.014289227 -0.008352634 0.001899053 0.014294673 0.999897599 0.000592657 -0.176355302 0.008343313 -0.000711974 0.999964952 0.576447248
0.999963224 -0.007302895 -0.004486812 -0.003168734 0.007310531 0.999971867 0.001687448 -0.195396960 0.004474362 -0.001720187 0.999988556 0.650470018
0.999925017 -0.010913579 -0.005528020 -0.003030376 0.010908538 0.999940097 -0.000941102 -0.216765419 0.005537961 0.000880729 0.999984264 0.731011569
0.999905407 -0.013176483 -0.003948404 -0.000254290 0.013188385 0.999908507 0.003003316 -0.239036143 0.003908469 -0.003055105 0.999987721 0.791125298
0.999861777 -0.015910706 -0.004823670 0.000704661 0.015922135 0.999870539 0.002340565 -0.262276649 0.004785805 -0.002417045 0.999985635 0.862488985
0.999888599 -0.013684224 -0.005959511 -0.004260477 0.013686744 0.999906242 0.000382103 -0.281985819 0.005953724 -0.000463627 0.999982119 0.942792654
0.999775052 -0.018869089 -0.009673834 -0.002473617 0.018882712 0.999820948 0.001318961 -0.305620551 0.009647213 -0.001501333 0.999952376 1.014664650
0.999782562 -0.017883211 -0.010714542 -0.005533842 0.017931735 0.999829233 0.004449462 -0.326742262 0.010633142 -0.004640626 0.999932706 1.090319991
0.999733388 -0.019935008 -0.011648112 -0.007128649 0.019976743 0.999794364 0.003477560 -0.348830521 0.011576393 -0.003709325 0.999926090 1.168237567
0.999797463 -0.017342610 -0.010207116 -0.010316771 0.017372493 0.999844968 0.002846284 -0.371998072 0.010156171 -0.003023031 0.999943852 1.240832448
0.999876261 -0.013278743 -0.008439167 -0.013584480 0.013309826 0.999904811 0.003637797 -0.394627512 0.008390058 -0.003749671 0.999957800 1.315717340
0.999916494 -0.009578715 -0.008680476 -0.018960856 0.009612773 0.999946296 0.003890429 -0.417758167 0.008642744 -0.003973547 0.999954760 1.387592554
0.999825001 -0.013552876 -0.012906129 -0.017645763 0.013590407 0.999903679 0.002824886 -0.440030426 0.012866602 -0.002999791 0.999912739 1.472642303
0.999790967 -0.013611771 -0.015260790 -0.021816639 0.013701641 0.999889195 0.005799877 -0.465316385 0.015180155 -0.006007762 0.999866664 1.535957813
0.999592662 -0.020324109 -0.020037312 -0.021771364 0.020509686 0.999748111 0.009099916 -0.487505138 0.019847315 -0.009507168 0.999757826 1.613657594
0.999661148 -0.016578300 -0.020071374 -0.026692575 0.016720643 0.999836028 0.006944929 -0.508578360 0.019952947 -0.007278182 0.999774396 1.690794587
0.999608517 -0.017553205 -0.021784004 -0.026051736 0.017661203 0.999832571 0.004775209 -0.532141149 0.021696534 -0.005158071 0.999751389 1.761745930
0.999725521 -0.014523641 -0.018384391 -0.028871380 0.014726166 0.999831855 0.010929067 -0.554982662 0.018222569 -0.011196798 0.999771297 1.843991876
0.999752462 -0.011897315 -0.018799672 -0.032029528 0.011986985 0.999917209 0.004664309 -0.577709258 0.018742627 -0.004888505 0.999812365 1.909083247
0.999569952 -0.017169759 -0.023769101 -0.032709215 0.017324399 0.999830008 0.006315392 -0.600251198 0.023656625 -0.006724462 0.999697566 1.983799338
0.999367714 -0.021213237 -0.028531259 -0.031332053 0.021531444 0.999708891 0.010892218 -0.623920679 0.028291892 -0.011499651 0.999533594 2.064336061
0.999393404 -0.019790974 -0.028658058 -0.036116775 0.020067990 0.999754310 0.009410915 -0.643744349 0.028464764 -0.009980315 0.999544978 2.147730112
0.999360979 -0.021810291 -0.028317777 -0.036690533 0.022040097 0.999726474 0.007828631 -0.668769658 0.028139284 -0.008447755 0.999568284 2.222212791
0.999314845 -0.022698732 -0.029230481 -0.038058612 0.022922508 0.999710262 0.007343379 -0.691263855 0.029055329 -0.008008385 0.999545753 2.303133965
0.999358416 -0.020830622 -0.029133035 -0.042144511 0.021161841 0.999714315 0.011107368 -0.713503480 0.028893346 -0.011716752 0.999513745 2.374951839
0.999289572 -0.022826605 -0.029985409 -0.044262290 0.023153115 0.999675870 0.010587198 -0.735507369 0.029734021 -0.011273935 0.999494195 2.450343847
0.999225080 -0.022913778 -0.032004695 -0.049025331 0.023145644 0.999708295 0.006893135 -0.757932961 0.031837415 -0.007628563 0.999463975 2.533589840
0.998824894 -0.034241352 -0.034300916 -0.045827240 0.034693521 0.999317527 0.012675050 -0.778530717 0.033843506 -0.013850173 0.999331236 2.607989311
0.998941898 -0.031839337 -0.033182647 -0.050743639 0.032194652 0.999429226 0.010229231 -0.802476108 0.032838020 -0.011286714 0.999396861 2.689445257
0.999154925 -0.028002569 -0.030086672 -0.055583939 0.028289076 0.999558151 0.009139567 -0.825395882 0.029817447 -0.009982969 0.999505520 2.763018131
0.999340594 -0.023823066 -0.027400771 -0.061712816 0.024000462 0.999692917 0.006163653 -0.848987281 0.027245516 -0.006817220 0.999605536 2.834122181
0.999425113 -0.023857171 -0.024088198 -0.065241948 0.023993755 0.999697447 0.005396917 -0.873173594 0.023952158 -0.005971781 0.999695301 2.911430836
0.999452174 -0.024902925 -0.021800363 -0.067103773 0.025138913 0.999627531 0.010618633 -0.892557144 0.021527808 -0.011160851 0.999705970 2.996111631
0.999541581 -0.024984431 -0.017101534 -0.069744520 0.025115378 0.999656498 0.007485645 -0.914158225 0.016908638 -0.007911724 0.999825716 3.063053846
0.999367535 -0.031214960 -0.017035199 -0.068569139 0.031365938 0.999470294 0.008668219 -0.941569746 0.016755601 -0.009197063 0.999817312 3.143596172
0.999472737 -0.031380352 -0.008337779 -0.068549126 0.031492189 0.999410808 0.013638226 -0.966682374 0.007904897 -0.013893610 0.999872208 3.219352722
0.999576211 -0.028904812 0.003477743 -0.071232259 0.028868657 0.999532819 0.010034256 -0.988216341 -0.003766154 -0.009929607 0.999943554 3.303106308
0.999486566 -0.030758852 0.008978571 -0.071550876 0.030666368 0.999476969 0.010262131 -1.011700273 -0.009289526 -0.009981523 0.999907017 3.377082348
0.999225140 -0.031755082 0.023251459 -0.069871411 0.031507362 0.999443650 0.010943667 -1.034714341 -0.023586040 -0.010202595 0.999669731 3.457959175
0.998858750 -0.030873315 0.036438886 -0.068750039 0.030221121 0.999375463 0.018315457 -1.057731628 -0.036981586 -0.017193332 0.999168098 3.534571409
0.998525202 -0.032388318 0.043570086 -0.067287162 0.032278564 0.999473631 0.003220537 -1.079782486 -0.043651465 -0.001809407 0.999045134 3.608131170
0.997997046 -0.035728514 0.052203752 -0.061016798 0.035130080 0.999306500 0.012336865 -1.099138975 -0.052608334 -0.010478233 0.998560131 3.685136080
0.997593582 -0.037757825 0.058149863 -0.057145461 0.037394516 0.999273837 0.007323834 -1.124753237 -0.058384161 -0.005131724 0.998281002 3.757017612
0.996953905 -0.038624130 0.067758217 -0.053743899 0.037786037 0.999193132 0.013607834 -1.148968458 -0.068229131 -0.011006068 0.997609019 3.836042881
0.996380448 -0.031470940 0.078964897 -0.047972560 0.030912783 0.999487758 0.008281214 -1.168816209 -0.079185054 -0.005810217 0.996843040 3.913421154
0.996033370 -0.034889650 0.081855118 -0.039465070 0.034527205 0.999386668 0.005839593 -1.190202594 -0.082008645 -0.002990201 0.996627092 3.988776207
0.995893061 -0.032915059 0.084343463 -0.036970735 0.032340705 0.999443650 0.008167258 -1.212042451 -0.084565356 -0.005405989 0.996403396 4.066239834
0.996048093 -0.028094914 0.084255204 -0.038029432 0.027586548 0.999593556 0.007191956 -1.233763814 -0.084423020 -0.004839224 0.996418297 4.140070915
0.995979846 -0.030264227 0.084311388 -0.031291366 0.029350888 0.999496460 0.012051700 -1.258302212 -0.084633693 -0.009528635 0.996366501 4.212150097
0.996031106 -0.035501394 0.081618316 -0.019547403 0.034804363 0.999344647 0.009947505 -1.277329206 -0.081917971 -0.007067352 0.996614039 4.291007996
0.995942175 -0.035558242 0.082671754 -0.014281571 0.034636080 0.999320984 0.012562485 -1.302591681 -0.083062321 -0.009648083 0.996497631 4.363910675
0.995740056 -0.030621614 0.086972050 -0.008951604 0.030469254 0.999530971 0.003079125 -1.321537971 -0.087025538 -0.000416035 0.996206105 4.437248707
0.995613694 -0.025872100 0.089911990 -0.005843997 0.025245290 0.999648392 0.008101833 -1.344746113 -0.090089992 -0.005796442 0.995916784 4.514200687
0.995592773 -0.024972841 0.090395503 -0.001488030 0.024423728 0.999675930 0.007175803 -1.368221641 -0.090545423 -0.004936382 0.995880067 4.589993477
0.995571017 -0.029612128 0.089226939 0.005727053 0.028858254 0.999536157 0.009727456 -1.391895652 -0.089473590 -0.007109440 0.995963812 4.670520306
0.995834112 -0.034117989 0.084559992 0.018067479 0.033190899 0.999372780 0.012345804 -1.411511421 -0.084928177 -0.009487750 0.996341825 4.750677586
0.995582461 -0.028180318 0.089562222 0.016265005 0.027660904 0.999592602 0.007035579 -1.435853958 -0.089724012 -0.004527128 0.995956302 4.827011585
0.995463550 -0.027142534 0.091189809 0.020311743 0.025612688 0.999511540 0.017905224 -1.457050800 -0.091631271 -0.015488381 0.995672524 4.897264957
0.995534897 -0.028686441 0.089929171 0.029376388 0.028093655 0.999574482 0.007850785 -1.478850722 -0.090116121 -0.005289294 0.995917201 4.969277382
0.995649636 -0.027861079 0.088912867 0.031061292 0.026869103 0.999562979 0.012334364 -1.500463367 -0.089217640 -0.009891698 0.995963037 5.049823761
0.995621860 -0.027341429 0.089383341 0.034340858 0.026347009 0.999577284 0.012286536 -1.526039243 -0.089681506 -0.009877762 0.995921433 5.129520416
0.995187879 -0.022713976 0.095315501 0.035564095 0.020448735 0.999486327 0.024675692 -1.545124769 -0.095827021 -0.022607870 0.995141208 5.205413818
0.994717777 -0.021751329 0.100316986 0.040129036 0.020868853 0.999733865 0.009838005 -1.572180390 -0.100504264 -0.007692541 0.994906902 5.267847538
0.994325042 -0.024390848 0.103551328 0.043406188 0.023449156 0.999672115 0.010301797 -1.587243557 -0.103768624 -0.007815144 0.994570732 5.332502842
0.994232357 -0.022755541 0.104806624 0.048366845 0.021776002 0.999707997 0.010481174 -1.610061169 -0.105014510 -0.008138453 0.994437397 5.415640354
0.994515717 -0.023117159 0.102000184 0.055050731 0.022606697 0.999725461 0.006157778 -1.628118515 -0.102114543 -0.003818120 0.994765341 5.485691547
0.994411707 -0.024889214 0.102596320 0.059482515 0.024519259 0.999687493 0.004865719 -1.652013421 -0.102685370 -0.002322943 0.994711161 5.539787292
0.994556129 -0.029556228 0.099922515 0.068351865 0.029053994 0.999556839 0.006478066 -1.676523685 -0.100069694 -0.003539652 0.994974136 5.641960144
0.994573832 -0.027002098 0.100467667 0.074135870 0.026455391 0.999627054 0.006770246 -1.698982596 -0.100612998 -0.004075598 0.994917333 5.717697144
0.994557858 -0.024663115 0.101224266 0.074437380 0.023782022 0.999668121 0.009902108 -1.720122337 -0.101434879 -0.007440902 0.994814396 5.789041519
0.994554043 -0.021786842 0.101919584 0.080868244 0.020911595 0.999734759 0.009648388 -1.748236537 -0.102102764 -0.007464544 0.994745851 5.874880314
0.994827211 -0.021947935 0.099181652 0.083399832 0.021485280 0.999752760 0.005730571 -1.763975024 -0.099282891 -0.003569983 0.995052814 5.930561543
0.994828463 -0.021852322 0.099190965 0.091865063 0.020916708 0.999726474 0.010462785 -1.784977794 -0.099392474 -0.008333928 0.995013356 6.010804176
0.994583726 -0.023076747 0.101344600 0.094849586 0.022426283 0.999719918 0.007553126 -1.809480071 -0.101490527 -0.005239433 0.994822681 6.097030163
0.994594216 -0.024310000 0.100952446 0.099460006 0.023397854 0.999674082 0.010209816 -1.833603859 -0.101167753 -0.007792553 0.994838893 6.176719666
0.995105386 -0.025440406 0.095488958 0.109128952 0.024231520 0.999611139 0.013798414 -1.856111765 -0.095802881 -0.011417033 0.995334804 6.245241165
0.994847178 -0.020078095 0.099378020 0.107983291 0.018713342 0.999717593 0.014646245 -1.878401160 -0.099644035 -0.012711080 0.994941890 6.332471371
0.994836569 -0.016548188 0.100131832 0.111615598 0.015284202 0.999793768 0.013377303 -1.899362206 -0.100332551 -0.011777797 0.994884253 6.408832073
0.994997859 -0.014366332 0.098857649 0.116688251 0.013729219 0.999880493 0.007122083 -1.922282577 -0.098948136 -0.005729222 0.995076120 6.480007648
0.995576262 -0.019075066 0.092000112 0.126642168 0.018311109 0.999790549 0.009140877 -1.947609663 -0.092155211 -0.007415816 0.995717049 6.553721428
0.995481730 -0.020974977 0.092607103 0.131703526 0.019531898 0.999673665 0.016461857 -1.971148610 -0.092922173 -0.014578687 0.995566607 6.629301071
0.995685875 -0.023736734 0.089700274 0.139437079 0.021878297 0.999526322 0.021645140 -1.994692683 -0.090171553 -0.019589273 0.995733559 6.710463047
0.996137679 -0.019737894 0.085557260 0.142437905 0.019076616 0.999781609 0.008539799 -2.017981768 -0.085707121 -0.006874676 0.996296644 6.779183865
0.996716678 -0.023130089 0.077594660 0.149364084 0.021909988 0.999623120 0.016538767 -2.038556337 -0.077947967 -0.014784365 0.996847808 6.855332851
0.997332811 -0.024974180 0.068582401 0.153914213 0.024279069 0.999645233 0.010950451 -2.060099840 -0.068831563 -0.009256124 0.997585356 6.932454586
0.997851670 -0.017914867 0.063015565 0.151447862 0.017386891 0.999809027 0.008916985 -2.086035252 -0.063163280 -0.007802184 0.997972667 7.005443096
0.998107910 -0.008943408 0.060832791 0.148519397 0.008277801 0.999903202 0.011184830 -2.110180855 -0.060926937 -0.010660106 0.998085260 7.074335575
0.998595297 -0.009796199 0.052071568 0.154789984 0.009159623 0.999880552 0.012449676 -2.133525848 -0.052187320 -0.011955232 0.998565733 7.154612541
0.998998046 -0.008208497 0.043994538 0.153861970 0.007689130 0.999898911 0.011961520 -2.156430721 -0.044088285 -0.011611254 0.998960197 7.225997925
0.999227703 -0.013360370 0.036950346 0.159868598 0.012860524 0.999823034 0.013732306 -2.180719137 -0.037127282 -0.013246501 0.999222755 7.304612160
0.999254942 -0.016143069 0.035056900 0.160330206 0.015721126 0.999801040 0.012278469 -2.205824375 -0.035248138 -0.011718187 0.999309897 7.378032684
0.999290407 -0.020374697 0.031676479 0.166348159 0.019912926 0.999691784 0.014825497 -2.231170654 -0.031968784 -0.014184203 0.999388158 7.459153652
0.999161959 -0.004843824 0.040643461 0.151077092 0.004208259 0.999867737 0.015708541 -2.253076553 -0.040714186 -0.015524336 0.999050260 7.540021420
0.999354362 -0.009533739 0.034640200 0.166505843 0.009331685 0.999938428 0.005989940 -2.273310184 -0.034695178 -0.005662822 0.999381900 7.611825466
0.999330580 -0.007598819 0.035784602 0.164892435 0.007261841 0.999928057 0.009537451 -2.296414614 -0.035854504 -0.009271203 0.999314070 7.685299873
0.999481797 -0.015914127 0.027979108 0.174810708 0.015560720 0.999796927 0.012803793 -2.323893070 -0.028177191 -0.012361783 0.999526441 7.756074905
0.999414265 -0.024152348 0.024243059 0.180283874 0.023980709 0.999685407 0.007345869 -2.343781233 -0.024412850 -0.006760200 0.999679089 7.831008434
0.999540389 -0.010700392 0.028363856 0.173053205 0.010225761 0.999806285 0.016826162 -2.371196985 -0.028538397 -0.016528387 0.999456167 7.904549122
0.999630034 -0.014884491 0.022760985 0.176856324 0.014520892 0.999765635 0.016057255 -2.390039921 -0.022994656 -0.015720807 0.999611914 7.976851940
0.999613047 -0.006232922 0.027114609 0.170663983 0.005796219 0.999852717 0.016154746 -2.418060064 -0.027211308 -0.015991328 0.999501824 8.051495552
0.999617696 -0.002606782 0.027527351 0.165813744 0.002299127 0.999934614 0.011202130 -2.437493086 -0.027554754 -0.011134560 0.999558330 8.133866310
0.999814630 -0.009910904 0.016506743 0.177522391 0.009655669 0.999833643 0.015470953 -2.463244438 -0.016657325 -0.015308699 0.999744058 8.209630966
0.999839842 -0.007076629 0.016438460 0.173513323 0.006756161 0.999787629 0.019469321 -2.488085985 -0.016572749 -0.019355139 0.999675333 8.284016609
0.999806583 -0.014024608 0.013787923 0.183074325 0.013791839 0.999763131 0.016834658 -2.512537479 -0.014020757 -0.016641246 0.999763191 8.354572296
0.999821186 -0.015109468 0.011370817 0.183726907 0.014917227 0.999747455 0.016805800 -2.533003330 -0.011621872 -0.016633173 0.999794066 8.430882454
0.999859512 -0.010032221 0.013428519 0.180610076 0.009822109 0.999829829 0.015622188 -2.555180550 -0.013582956 -0.015488099 0.999787807 8.509679794
0.999803483 -0.011615052 0.016061530 0.183695227 0.011438290 0.999873459 0.011053809 -2.582686901 -0.016187888 -0.010867922 0.999809921 8.572276115
0.999878883 -0.009147476 0.012589095 0.183639094 0.008982100 0.999873579 0.013130995 -2.601843596 -0.012707620 -0.013016330 0.999834538 8.667378426
0.999903977 -0.005870563 0.012550100 0.180185825 0.005611795 0.999772966 0.020555599 -2.623070478 -0.012667924 -0.020483198 0.999709904 8.747258186
0.999905407 -0.007365292 0.011613378 0.181041241 0.007175185 0.999841094 0.016327187 -2.648232460 -0.011731789 -0.016242320 0.999799252 8.812361717
0.999899745 -0.009533365 0.010460227 0.181998387 0.009305936 0.999723852 0.021579735 -2.671963215 -0.010663065 -0.021480238 0.999712408 8.880729675
0.999920607 -0.006523509 0.010777399 0.179413348 0.006346244 0.999845266 0.016400941 -2.693829298 -0.010882727 -0.016331244 0.999807358 8.955730438
0.999969602 -0.004309011 0.006488673 0.181123286 0.004183770 0.999807060 0.019192748 -2.717371464 -0.006570123 -0.019165019 0.999794841 9.028115273
0.999937952 -0.002608584 0.010827015 0.175425112 0.002397823 0.999808252 0.019433849 -2.740661621 -0.010875635 -0.019406687 0.999752462 9.104063034
0.999961019 -0.005635512 0.006805012 0.177650392 0.005487452 0.999751925 0.021583680 -2.763804197 -0.006924960 -0.021545498 0.999743879 9.188126564
0.999944270 -0.009423969 0.004751118 0.174746662 0.009324900 0.999747217 0.020459607 -2.790014744 -0.004942729 -0.020414166 0.999779344 9.262828827
0.999906123 -0.013709988 -0.000049002 0.178393528 0.013707994 0.999685585 0.020992525 -2.810229301 -0.000238822 -0.020991221 0.999779642 9.351864815
0.999944985 -0.010421938 0.001140986 0.175702780 0.010396864 0.999743283 0.020130327 -2.833355188 -0.001350490 -0.020117357 0.999796748 9.409848213
0.999965727 -0.003341170 0.007582492 0.166168839 0.003179597 0.999769747 0.021221587 -2.856700897 -0.007651651 -0.021196749 0.999746084 9.484235764
0.999966323 0.000111021 0.008202897 0.165695697 -0.000299180 0.999736786 0.022940485 -2.879678249 -0.008198190 -0.022942163 0.999703228 9.557123184
0.999978006 -0.005609165 0.003532501 0.168804154 0.005533716 0.999763668 0.021018136 -2.900190353 -0.003649562 -0.020998130 0.999772787 9.643950462
0.999933839 -0.011501671 0.000018618 0.170030355 0.011497751 0.999632478 0.024549207 -2.927889824 -0.000300968 -0.024547366 0.999698639 9.714766502
0.999941587 -0.010614759 -0.002056502 0.167206123 0.010658847 0.999683976 0.022767790 -2.949357033 0.001814177 -0.022788379 0.999738693 9.786724091
0.999968290 -0.007551682 -0.002541723 0.164961234 0.007615538 0.999629557 0.026130270 -2.973473310 0.002343453 -0.026148796 0.999655306 9.849643707
0.999988735 -0.004693816 -0.000788874 0.163378671 0.004714053 0.999597251 0.027986964 -2.996672392 0.000657190 -0.027990367 0.999607921 9.925504684
0.999869168 -0.013977838 -0.008141913 0.179196984 0.014206741 0.999485075 0.028769877 -3.015851021 0.007735581 -0.028881779 0.999552906 10.015125275
0.999656439 -0.022952322 -0.012661548 0.179449320 0.023267388 0.999408424 0.025324713 -3.026701927 0.012072801 -0.025610615 0.999599040 10.109213829
0.999995887 0.002860105 -0.000534882 0.149040222 -0.002844437 0.999623358 0.027295129 -3.075968027 0.000612748 -0.027293492 0.999627292 10.079755783
0.998910248 -0.037146416 -0.028258167 0.207914948 0.037875228 0.998951733 0.025708610 -3.081941128 0.027273566 -0.026750881 0.999269962 10.207736969
0.999681950 -0.019775981 -0.015650924 0.150918916 0.019984137 0.999712408 0.013257124 -3.051005363 0.015384250 -0.013565674 0.999789655 10.521905899
0.999834359 -0.013714104 -0.011966588 0.152689621 0.013912418 0.999764562 0.016649660 -3.084143877 0.011735436 -0.016813388 0.999789715 10.551394463
0.999556720 -0.019735821 -0.022291256 0.166702434 0.020137683 0.999636054 0.017949352 -3.118779659 0.021928895 -0.018390287 0.999590397 10.576866150
0.999513686 -0.020732611 -0.023292230 0.155483291 0.021264944 0.999512792 0.022844108 -3.150832176 0.022807270 -0.023328308 0.999467611 10.634698868
0.999108672 -0.026595656 -0.032777648 0.155197352 0.027259616 0.999428868 0.019979121 -3.166233540 0.032227565 -0.020854823 0.999262989 10.726482391
0.999281347 -0.019205084 -0.032678951 0.149490774 0.020131163 0.999398112 0.028249724 -3.197182894 0.032116745 -0.028887289 0.999066591 10.791435242
0.999381304 -0.017329177 -0.030606987 0.145461977 0.018223455 0.999407887 0.029184792 -3.218132734 0.030083114 -0.029724492 0.999105275 10.872636795
0.999343336 -0.016659776 -0.032174937 0.142719924 0.017531129 0.999482036 0.026992368 -3.241786242 0.031708580 -0.027538707 0.999117613 10.948239326
0.999135733 -0.019667152 -0.036622901 0.139195889 0.020580821 0.999482036 0.024740390 -3.266059399 0.036117364 -0.025472736 0.999022901 11.009474754
0.998909891 -0.019535102 -0.042396147 0.137093067 0.020528516 0.999521732 0.023124084 -3.289309025 0.041924145 -0.023969205 0.998833179 11.074979782
0.998662651 -0.022130875 -0.046723198 0.135329962 0.023263127 0.999445319 0.023830134 -3.312391996 0.046169892 -0.024885193 0.998623610 11.151782036
0.998763442 -0.015733095 -0.047159668 0.130217493 0.016788591 0.999615490 0.022069467 -3.331244469 0.046794314 -0.022833921 0.998643577 11.230530739
0.999110341 -0.013596576 -0.039920729 0.116055816 0.014466643 0.999662280 0.021587569 -3.356703758 0.039613742 -0.022145884 0.998969615 11.310923576
0.998970211 -0.013654311 -0.043269929 0.112924725 0.014525293 0.999696970 0.019878982 -3.377210617 0.042985372 -0.020487016 0.998865664 11.392014503
0.998582959 -0.018891575 -0.049749356 0.114570916 0.020032560 0.999545217 0.022536824 -3.402092695 0.049300980 -0.023501500 0.998507440 11.454151154
0.998314619 -0.020529244 -0.054280657 0.109529197 0.022054549 0.999374270 0.027652146 -3.426731110 0.053679015 -0.028802684 0.998142779 11.533478737
0.998452008 -0.017636910 -0.052748889 0.098492146 0.018971862 0.999509573 0.024914816 -3.446644545 0.052283604 -0.025877001 0.998296857 11.606810570
0.998565614 -0.014835172 -0.051444843 0.092058897 0.016162990 0.999544322 0.025491294 -3.470633030 0.051043231 -0.026286235 0.998350382 11.682144165
0.998442948 -0.017932044 -0.052822422 0.086840630 0.018931793 0.999649823 0.018487375 -3.494015932 0.052472401 -0.019458616 0.998432815 11.760729790
0.998315573 -0.018139517 -0.055107951 0.081625462 0.019364405 0.999575317 0.021775074 -3.517440081 0.054689560 -0.022805534 0.998242855 11.835315704
0.997918665 -0.023560548 -0.060026735 0.082111180 0.024689702 0.999530613 0.018139035 -3.536088943 0.059571195 -0.019583328 0.998031855 11.915271759
0.997792244 -0.024929637 -0.061556090 0.080909073 0.026360456 0.999398291 0.022542210 -3.561343193 0.060957085 -0.024115087 0.997849047 11.987760544
0.998287618 -0.019249195 -0.055238727 0.065323293 0.020521637 0.999534786 0.022561274 -3.581605911 0.054778736 -0.023656230 0.998218238 12.076787949
0.998462379 -0.015975911 -0.053082585 0.056556821 0.017448340 0.999472439 0.027391778 -3.608174801 0.052616984 -0.028275862 0.998214364 12.144447327
0.998117924 -0.019688589 -0.058077477 0.052858353 0.020855654 0.999591172 0.019557614 -3.634691238 0.057668671 -0.020732049 0.998120487 12.211673737
0.997668028 -0.021646200 -0.064730257 0.047547817 0.023617962 0.999275267 0.029852703 -3.653769493 0.064037144 -0.031311888 0.997456133 12.292550087
0.997730672 -0.024971403 -0.062528402 0.039454043 0.026869241 0.999197721 0.029696768 -3.676372528 0.061736692 -0.031309463 0.997601271 12.373764992
0.998071492 -0.025411850 -0.056635212 0.039343774 0.026684919 0.999405265 0.021836469 -3.698755980 0.056046620 -0.023305660 0.998156130 12.452146530
0.998964310 -0.022425283 -0.039590407 0.030508369 0.023283986 0.999500632 0.021363361 -3.720752239 0.039091557 -0.022263061 0.998987734 12.531085014
0.999162495 -0.026842600 -0.030885477 0.028747141 0.027345475 0.999498367 0.015976461 -3.744467735 0.030441135 -0.016807660 0.999395311 12.608198166
