1.000000000 0.000000000 0.000000000 0.000000000 0.000000000 1.000000000 0.000000000 0.000000000 0.000000000 0.000000000 1.000000000 0.000000000
0.999995649 -0.002772876 -0.000921261 0.001755996 0.002773053 0.999996066 0.000190396 -0.000421629 0.000920730 -0.000192950 0.999999583 0.001297159
0.999997556 -0.002099145 -0.000685214 0.001403083 0.002099409 0.999997675 0.000383346 -0.000683509 0.000684407 -0.000384784 0.999999702 0.000780308
0.999997795 -0.001968268 -0.000688837 0.001423577 0.001968492 0.999998033 0.000323908 -0.000703021 0.000688198 -0.000325264 0.999999702 0.000638628
0.999996781 -0.002287811 -0.001045350 0.002124591 0.002288334 0.999997199 0.000498888 -0.000875827 0.001044206 -0.000501279 0.999999344 0.000253269
0.999996781 -0.002273185 -0.001118332 0.001902230 0.002273185 0.999997377 -0.000001933 -0.000154715 0.001118334 -0.000000609 0.999999404 0.000548751
0.999998331 -0.001727100 -0.000638402 0.001329166 0.001727210 0.999998450 0.000171612 -0.000271216 0.000638104 -0.000172715 0.999999821 0.000608780
0.999995887 -0.002701947 -0.000918128 0.002137251 0.002702185 0.999996305 0.000258362 -0.000487452 0.000917426 -0.000260842 0.999999583 0.001168771
0.999995589 -0.002769131 -0.001077697 0.002053644 0.002769548 0.999996066 0.000385528 -0.000587456 0.001076626 -0.000388511 0.999999344 0.001666606
0.999998689 -0.001462801 -0.000624310 0.001137752 0.001462893 0.999998927 0.000146799 -0.000104240 0.000624095 -0.000147712 0.999999821 0.000782720
0.999997914 -0.001932176 -0.000682031 0.001276883 0.001932296 0.999998093 0.000174741 0.000032098 0.000681692 -0.000176058 0.999999762 0.000726927
0.999996841 -0.002393262 -0.000851844 0.001556381 0.002393728 0.999997079 0.000546350 -0.000756419 0.000850534 -0.000548387 0.999999523 0.000810213
0.999995887 -0.002692401 -0.000997414 0.001987033 0.002692758 0.999996305 0.000356115 -0.000098993 0.000996452 -0.000358800 0.999999404 0.001597836
0.999997437 -0.002033296 -0.000985234 0.001876461 0.002033470 0.999997854 0.000175119 -0.000352589 0.000984876 -0.000177122 0.999999523 -0.000046152
0.999996126 -0.002630351 -0.000937209 0.001959772 0.002630489 0.999996483 0.000145987 -0.000393795 0.000936822 -0.000148452 0.999999523 0.000519269
0.999996185 -0.002530312 -0.001079232 0.001780505 0.002530512 0.999996722 0.000184035 -0.000363350 0.001078763 -0.000186766 0.999999404 0.001160007
0.999995887 -0.002733414 -0.000845567 0.001884063 0.002733607 0.999996245 0.000227405 -0.000175750 0.000844943 -0.000229715 0.999999583 0.001673537
0.999995708 -0.002762974 -0.000941645 0.002028630 0.002763349 0.999996066 0.000397346 -0.000262902 0.000940543 -0.000399946 0.999999523 0.002018340
0.999998212 -0.001679748 -0.000878149 0.001609041 0.001680014 0.999998569 0.000301909 -0.000292343 0.000877641 -0.000303384 0.999999523 0.000520659
0.999996901 -0.002258210 -0.001038550 0.001962008 0.002258728 0.999997377 0.000498140 -0.000792641 0.001037422 -0.000500484 0.999999344 0.000096054
0.999994397 -0.003222765 -0.000998389 0.002188731 0.003223165 0.999994755 0.000398457 -0.000695169 0.000997099 -0.000401673 0.999999404 0.000800959
0.999996006 -0.002684327 -0.000856073 0.002011540 0.002684428 0.999996364 0.000116737 -0.000568668 0.000855757 -0.000119035 0.999999583 0.000234784
0.999996126 -0.002562521 -0.001019038 0.002200778 0.002562810 0.999996662 0.000282441 -0.000831926 0.001018311 -0.000285052 0.999999404 0.000670779
0.999995172 -0.002895775 -0.001125210 0.002276243 0.002896276 0.999995708 0.000443866 -0.000452818 0.001123920 -0.000447122 0.999999285 0.000690191
0.999995410 -0.002879535 -0.000930032 0.001687313 0.002879841 0.999995828 0.000327660 -0.000526606 0.000929085 -0.000330337 0.999999523 0.001442157
0.999995708 -0.002792236 -0.000829535 0.001713979 0.002792639 0.999996006 0.000485390 -0.001258868 0.000828177 -0.000487704 0.999999523 -0.000332402
0.999998093 -0.001851529 -0.000574362 0.000827158 0.001851652 0.999998271 0.000214334 -0.000751625 0.000573964 -0.000215397 0.999999762 0.000988550
0.999996960 -0.002301067 -0.000948719 0.001766743 0.002301239 0.999997318 0.000180477 0.000005348 0.000948301 -0.000182660 0.999999583 0.001016673
0.999997437 -0.002103933 -0.000782141 0.001787099 0.002104110 0.999997735 0.000226298 -0.000284369 0.000781663 -0.000227943 0.999999642 0.001069135
0.999997020 -0.002246627 -0.000959585 0.001839132 0.002246984 0.999997377 0.000371035 -0.000510678 0.000958749 -0.000373190 0.999999523 0.000965973
0.999996722 -0.002345977 -0.001053697 0.002138351 0.002346400 0.999997199 0.000399853 -0.000646713 0.001052756 -0.000402325 0.999999344 0.001180335
0.999995470 -0.002853038 -0.000918216 0.001916033 0.002853201 0.999995887 0.000176356 -0.000218656 0.000917709 -0.000178975 0.999999523 0.001378166
0.999996364 -0.002440113 -0.001096495 0.001929260 0.002440327 0.999996960 0.000193715 -0.000167176 0.001096019 -0.000196390 0.999999344 0.000996855
0.999997735 -0.002034438 -0.000676251 0.001714283 0.002034656 0.999997914 0.000322270 -0.000611912 0.000675594 -0.000323645 0.999999702 0.000597555
0.999996722 -0.002409291 -0.000947989 0.001738965 0.002409626 0.999997020 0.000351773 -0.000517396 0.000947138 -0.000354056 0.999999523 0.000686450
0.999997199 -0.002269694 -0.000719831 0.001642241 0.002270041 0.999997318 0.000482288 -0.001360247 0.000718734 -0.000483921 0.999999583 -0.000572542
0.999996305 -0.002490423 -0.001032224 0.002053229 0.002490871 0.999996781 0.000433572 -0.000628330 0.001031141 -0.000436141 0.999999404 0.000968034
0.999995470 -0.002797904 -0.001103908 0.002233612 0.002798229 0.999996066 0.000292701 -0.000248036 0.001103085 -0.000295789 0.999999344 0.000878479
0.999993086 -0.003529937 -0.001192553 0.002455676 0.003530392 0.999993682 0.000379466 -0.000731387 0.001191206 -0.000383674 0.999999225 0.000773589
0.999996781 -0.002355390 -0.000997506 0.001811537 0.002355886 0.999997139 0.000496406 -0.000948677 0.000996334 -0.000498755 0.999999344 0.000382113
0.999995768 -0.002759452 -0.000933521 0.002056230 0.002759883 0.999996126 0.000460531 -0.000844879 0.000932247 -0.000463105 0.999999464 0.000591807
0.999997079 -0.002273982 -0.000795807 0.001751202 0.002274140 0.999997377 0.000197027 -0.000239147 0.000795357 -0.000198836 0.999999642 0.001108074
0.999996781 -0.002385916 -0.000916525 0.002038708 0.002386168 0.999997139 0.000273559 -0.000508320 0.000915870 -0.000275745 0.999999583 0.001152267
0.999993742 -0.003360363 -0.001132860 0.002173043 0.003360552 0.999994338 0.000165088 -0.000279248 0.001132299 -0.000168894 0.999999344 0.001467544
0.999998152 -0.001824343 -0.000558965 0.001252938 0.001824404 0.999998271 0.000108615 -0.000062965 0.000558766 -0.000109635 0.999999881 0.001138918
0.999998450 -0.001685345 -0.000545314 0.001399626 0.001685448 0.999998569 0.000187865 -0.000382742 0.000544997 -0.000188784 0.999999821 0.000235878
0.999997735 -0.001966105 -0.000831317 0.001673906 0.001966544 0.999997973 0.000528003 -0.000661414 0.000830277 -0.000529636 0.999999523 0.001055557
0.999997377 -0.002103157 -0.000953907 0.001743321 0.002103612 0.999997675 0.000475403 -0.000398502 0.000952905 -0.000477408 0.999999404 0.001923937
0.999995112 -0.002986181 -0.000910926 0.002367452 0.002986451 0.999995530 0.000296360 -0.000454286 0.000910037 -0.000299078 0.999999583 0.000516801
0.999996185 -0.002618469 -0.000837227 0.001939115 0.002618593 0.999996483 0.000146166 -0.000354448 0.000836841 -0.000148357 0.999999583 0.000802111
0.999995589 -0.002817054 -0.000897236 0.001903164 0.002817192 0.999996006 0.000153478 -0.000295722 0.000896800 -0.000156005 0.999999523 0.001091411
0.999997139 -0.002317419 -0.000656015 0.001612948 0.002317624 0.999997318 0.000312340 -0.000578436 0.000655290 -0.000313860 0.999999762 0.000286833
0.999998152 -0.001781936 -0.000742238 0.001543929 0.001782000 0.999998331 0.000085641 -0.000332492 0.000742085 -0.000086963 0.999999702 0.000740778
0.999996543 -0.002428075 -0.000963278 0.001994623 0.002428193 0.999996960 0.000121500 -0.000204472 0.000962981 -0.000123838 0.999999523 -0.000048079
0.999996901 -0.002345458 -0.000811462 0.001783855 0.002345793 0.999997139 0.000411716 -0.000665483 0.000810494 -0.000413618 0.999999583 0.001217168
0.999994934 -0.003017739 -0.001039722 0.002258445 0.003018086 0.999995470 0.000332153 -0.000612621 0.001038715 -0.000335289 0.999999404 0.000620802
0.999997258 -0.002191635 -0.000862428 0.001669205 0.002191877 0.999997556 0.000278771 -0.000257152 0.000861815 -0.000280660 0.999999583 0.001152001
0.999997795 -0.002048955 -0.000564918 0.001321023 0.002049143 0.999997914 0.000331632 -0.000542021 0.000564238 -0.000332789 0.999999762 0.000612876
0.999996483 -0.002509025 -0.000770669 0.001635460 0.002509136 0.999996781 0.000143912 -0.000122449 0.000770306 -0.000145845 0.999999702 0.001208802
0.999997914 -0.001950583 -0.000533504 0.001205484 0.001950774 0.999997973 0.000358191 -0.000411819 0.000532805 -0.000359231 0.999999762 0.001146555
0.999996901 -0.002339611 -0.000857291 0.001855793 0.002339733 0.999997258 0.000141520 -0.000435127 0.000856958 -0.000143526 0.999999583 0.000532347
0.999994040 -0.003256325 -0.001228147 0.002434421 0.003256655 0.999994755 0.000266800 -0.000224232 0.001227272 -0.000270798 0.999999225 0.000287070
0.999997199 -0.002229323 -0.000823438 0.001520503 0.002229479 0.999997497 0.000189147 -0.000483920 0.000823015 -0.000190982 0.999999642 0.001334440
0.999996722 -0.002435934 -0.000756152 0.001628916 0.002436191 0.999997020 0.000339298 -0.000280218 0.000755324 -0.000341139 0.999999642 0.001078791
0.999996483 -0.002488176 -0.000852445 0.001667528 0.002488395 0.999996841 0.000255236 -0.000221531 0.000851808 -0.000257356 0.999999583 0.001460627
0.999996781 -0.002421312 -0.000732520 0.001544747 0.002421556 0.999996960 0.000332006 -0.000373601 0.000731714 -0.000333779 0.999999642 0.001178782
0.999996364 -0.002511499 -0.000998201 0.002132025 0.002511644 0.999996781 0.000144159 -0.000340329 0.000997836 -0.000146665 0.999999523 -0.000352187
0.999995947 -0.002680012 -0.000938855 0.001903472 0.002680383 0.999996305 0.000395028 -0.000504805 0.000937793 -0.000397543 0.999999523 0.001442922
0.999997854 -0.001996277 -0.000561748 0.001063056 0.001996513 0.999997914 0.000419368 -0.001027236 0.000560909 -0.000420489 0.999999762 -0.000828757
0.999997258 -0.002172262 -0.000928650 0.001631444 0.002172638 0.999997556 0.000403789 -0.000412612 0.000927771 -0.000405806 0.999999464 0.001097974
0.999996364 -0.002512075 -0.000996639 0.001831815 0.002512412 0.999996781 0.000336648 -0.000308104 0.000995790 -0.000339151 0.999999404 0.000991184
0.999996424 -0.002529101 -0.000772399 0.001549819 0.002529379 0.999996662 0.000359969 -0.001101718 0.000771486 -0.000361921 0.999999642 -0.001368768
0.999997497 -0.002108388 -0.000749316 0.001366870 0.002108424 0.999997735 0.000046805 -0.000150598 0.000749216 -0.000048385 0.999999702 0.000871610
0.999994457 -0.003098646 -0.001271657 0.002537667 0.003099073 0.999995172 0.000334220 -0.000705696 0.001270616 -0.000338159 0.999999106 0.001555614
0.999994636 -0.003169157 -0.000875383 0.002056310 0.003169390 0.999994993 0.000264779 -0.000496030 0.000874539 -0.000267552 0.999999523 0.001465619
0.999999344 -0.001128187 -0.000435256 0.000880164 0.001128265 0.999999344 0.000179347 -0.000204837 0.000435053 -0.000179838 0.999999940 0.000741938
0.999998510 -0.001583080 -0.000625290 0.001055686 0.001583136 0.999998629 0.000089720 0.000166306 0.000625147 -0.000090710 0.999999762 0.001220935
0.999998033 -0.001900145 -0.000618203 0.001429076 0.001900233 0.999998152 0.000141870 -0.000166987 0.000617932 -0.000143044 0.999999762 0.000529828
0.999993861 -0.003304939 -0.001132951 0.002449132 0.003305487 0.999994397 0.000482350 -0.000647348 0.001131350 -0.000486092 0.999999285 0.001077797
0.999996901 -0.002323403 -0.000948521 0.002145511 0.002323625 0.999997318 0.000232417 -0.000707661 0.000947978 -0.000234620 0.999999523 -0.000041582
0.999997914 -0.001951030 -0.000619367 0.001523999 0.001951214 0.999998033 0.000296561 -0.000786180 0.000618787 -0.000297769 0.999999762 0.000323037
0.999998093 -0.001821004 -0.000714509 0.001607021 0.001821223 0.999998271 0.000304922 -0.000485595 0.000713953 -0.000306223 0.999999702 0.001060513
0.999998093 -0.001834249 -0.000735760 0.001503882 0.001834510 0.999998212 0.000353549 -0.000587121 0.000735111 -0.000354898 0.999999642 0.000620285
0.999996245 -0.002604043 -0.000794824 0.001736709 0.002604349 0.999996483 0.000383630 -0.001010005 0.000793822 -0.000385699 0.999999583 -0.000088875
0.999995351 -0.002898272 -0.000952857 0.001904516 0.002898495 0.999995768 0.000233510 -0.000555852 0.000952176 -0.000236271 0.999999523 0.000141258
0.999997795 -0.001931611 -0.000799088 0.001256467 0.001931872 0.999998093 0.000325286 -0.000435916 0.000798458 -0.000326829 0.999999583 0.000249337
0.999997437 -0.002153922 -0.000710983 0.001532669 0.002154081 0.999997675 0.000223829 -0.000424352 0.000710499 -0.000225360 0.999999702 0.000442796
0.999997795 -0.001884763 -0.000950917 0.001648595 0.001885225 0.999998093 0.000484345 -0.000715337 0.000950002 -0.000486137 0.999999404 0.001024194
0.999997556 -0.002020087 -0.000953058 0.001634219 0.002020472 0.999997854 0.000403066 -0.000586891 0.000952241 -0.000404991 0.999999523 0.000556988
0.999998510 -0.001697735 -0.000345476 0.000886524 0.001697776 0.999998510 0.000119041 -0.000341692 0.000345274 -0.000119627 0.999999881 -0.000003911
0.999997020 -0.002358258 -0.000577765 0.001365636 0.002358520 0.999997139 0.000453046 -0.001019647 0.000576695 -0.000454407 0.999999702 -0.000645674
0.999994338 -0.003210214 -0.001068125 0.002172816 0.003210399 0.999994874 0.000172342 -0.000412567 0.001067566 -0.000175770 0.999999404 0.000708817
0.999994695 -0.003059428 -0.001169423 0.002354397 0.003059608 0.999995291 0.000151517 -0.000273830 0.001168954 -0.000155095 0.999999285 0.001019544
0.999995232 -0.002950736 -0.000937771 0.001726171 0.002951054 0.999995649 0.000338197 -0.000848803 0.000936769 -0.000340963 0.999999523 0.000179269
0.999995828 -0.002696987 -0.001061909 0.001993521 0.002697286 0.999996364 0.000280441 -0.000256904 0.001061148 -0.000283304 0.999999404 0.000557135
0.999996901 -0.002347756 -0.000873378 0.001939207 0.002347998 0.999997258 0.000276284 -0.000171570 0.000872727 -0.000278334 0.999999523 0.000620312
0.999997258 -0.002162607 -0.000842034 0.001586951 0.002162746 0.999997616 0.000163186 -0.000282545 0.000841679 -0.000165007 0.999999583 0.000836632
0.999997556 -0.002137391 -0.000749156 0.001523292 0.002137556 0.999997735 0.000219724 -0.000333818 0.000748685 -0.000221325 0.999999762 0.001396669
0.999997556 -0.002078400 -0.000757204 0.001830759 0.002078617 0.999997795 0.000284999 -0.000507042 0.000756610 -0.000286572 0.999999642 0.000314296
0.999998271 -0.001660076 -0.000808601 0.001274025 0.001660308 0.999998569 0.000286701 -0.000373199 0.000808124 -0.000288043 0.999999583 0.000306756
0.999997258 -0.002144740 -0.000956784 0.001368869 0.002145055 0.999997675 0.000327643 -0.000647578 0.000956079 -0.000329695 0.999999523 0.000315352
0.999994516 -0.003122945 -0.001093008 0.001972072 0.003123106 0.999995112 0.000145296 -0.000332822 0.001092549 -0.000148709 0.999999344 0.000554418
0.999995947 -0.002707935 -0.000883582 0.001906578 0.002708255 0.999996245 0.000361416 -0.000670379 0.000882600 -0.000363808 0.999999523 0.000605802
0.999996603 -0.002442004 -0.000862341 0.001726953 0.002442256 0.999996960 0.000291671 -0.000744190 0.000861626 -0.000293776 0.999999583 0.000103877
0.999997795 -0.001966733 -0.000710652 0.001407251 0.001967018 0.999997914 0.000400184 -0.001194722 0.000709864 -0.000401581 0.999999642 0.000263823
0.999995291 -0.002942386 -0.000878799 0.002154328 0.002942678 0.999995649 0.000331186 -0.000631610 0.000877821 -0.000333770 0.999999523 0.000511167
0.999995589 -0.002790842 -0.000976166 0.001682588 0.002791019 0.999996066 0.000180052 -0.000119427 0.000975660 -0.000182776 0.999999523 0.001366535
0.999997914 -0.001961187 -0.000611314 0.001432947 0.001961402 0.999997973 0.000352735 -0.000611795 0.000610621 -0.000353933 0.999999762 0.000197464
0.999995470 -0.002802167 -0.001139770 0.002142742 0.002802451 0.999996066 0.000247550 -0.000375010 0.001139072 -0.000250743 0.999999285 0.000098700
0.999996185 -0.002578525 -0.000988149 0.001928043 0.002578827 0.999996603 0.000304666 -0.000713450 0.000987360 -0.000307213 0.999999523 0.000237047
0.999994755 -0.003067312 -0.001053671 0.002364103 0.003067378 0.999995232 0.000060878 -0.000449052 0.001053480 -0.000064109 0.999999464 0.000222822
0.999993622 -0.003361224 -0.001259748 0.002606330 0.003361423 0.999994338 0.000155535 -0.000375706 0.001259218 -0.000159769 0.999999225 0.000088230
0.999997675 -0.002036182 -0.000736184 0.001377866 0.002036124 0.999997914 -0.000079403 -0.000201637 0.000736344 0.000077904 0.999999702 0.000093216
0.999997020 -0.002263167 -0.000959155 0.001824571 0.002263678 0.999997377 0.000532609 -0.000824875 0.000957947 -0.000534778 0.999999344 0.000787920
0.999994874 -0.003010455 -0.001131886 0.002077328 0.003010668 0.999995470 0.000186372 -0.000122216 0.001131320 -0.000189779 0.999999344 0.001081639
0.999995172 -0.002907039 -0.001088838 0.002427491 0.002907051 0.999995768 0.000009764 -0.000204991 0.001088805 -0.000012929 0.999999404 0.000322467
0.999995649 -0.002798308 -0.000920482 0.001966547 0.002798524 0.999996066 0.000233317 -0.000748056 0.000919826 -0.000235892 0.999999583 0.000258853
0.999994159 -0.003193540 -0.001234324 0.002127889 0.003194024 0.999994814 0.000390545 -0.001263033 0.001233070 -0.000394486 0.999999225 -0.000899002
0.999996245 -0.002450416 -0.001254552 0.002341292 0.002450926 0.999996901 0.000405040 -0.001241749 0.001253556 -0.000408114 0.999999106 0.000436926
0.999991834 -0.004045126 -0.000346791 0.002968862 0.004045198 0.999991834 0.000206758 -0.001572534 0.000345952 -0.000208160 0.999999940 0.003273976
0.999988377 -0.004429643 -0.001881376 0.002524574 0.004419466 0.999975741 -0.005378901 -0.003724066 0.001905157 0.005370523 0.999983728 0.010777814
0.999989390 -0.003315105 -0.003176779 0.000538491 0.003300128 0.999983430 -0.004708306 -0.011399467 0.003192334 0.004697773 0.999983847 0.031413712
0.999959648 -0.007087222 -0.005524771 0.001370470 0.007077436 0.999973297 -0.001789011 -0.022043496 0.005537302 0.001749838 0.999983132 0.066828333
0.999950051 -0.007951041 -0.006057504 0.001535029 0.007906625 0.999941945 -0.007321398 -0.038678497 0.006115366 0.007273138 0.999954879 0.108271003
0.999954045 -0.008281169 -0.004826166 0.000565038 0.008299164 0.999958575 0.003720361 -0.052479066 0.004795157 -0.003760243 0.999981463 0.165173233
0.999913275 -0.011785915 -0.005870736 -0.000023312 0.011805129 0.999925017 0.003248832 -0.070163161 0.005832005 -0.003317855 0.999977529 0.222419798
0.999903977 -0.011457422 -0.007791845 -0.001254537 0.011457619 0.999934316 -0.000019387 -0.089469068 0.007791555 -0.000069891 0.999969661 0.284123600
0.999954641 -0.005297535 -0.007908261 -0.004940045 0.005299146 0.999985874 0.000182757 -0.104272589 0.007907183 -0.000224656 0.999968708 0.344710350
0.999926746 -0.003979608 -0.011424223 -0.009841515 0.003981253 0.999992013 0.000121243 -0.127101779 0.011423653 -0.000166717 0.999934733 0.407389760
0.999873579 -0.008862403 -0.013201307 -0.009377910 0.008887541 0.999958813 0.001846725 -0.145998642 0.013184398 -0.001963819 0.999911189 0.483679295
0.999860704 -0.006758043 -0.015260219 -0.011063005 0.006709292 0.999972224 -0.003243578 -0.163588196 0.015281714 0.003140742 0.999878228 0.553222001
0.999747574 -0.012634153 -0.018579610 -0.012478702 0.012784384 0.999886394 0.007989430 -0.186652735 0.018476557 -0.008224942 0.999795377 0.626699328
0.999731362 -0.011842293 -0.019923972 -0.015303954 0.011834973 0.999929786 -0.000485315 -0.210062563 0.019928319 0.000249385 0.999801517 0.692914069
0.999590635 -0.016701505 -0.023227461 -0.016803868 0.016849810 0.999838769 0.006203887 -0.231511772 0.023120103 -0.006592727 0.999711037 0.769230604
0.999548316 -0.016943360 -0.024821047 -0.021452960 0.017133988 0.999825180 0.007487661 -0.254745424 0.024689846 -0.007909563 0.999663830 0.844510317
0.999522507 -0.016884480 -0.025877658 -0.023257978 0.017041257 0.999837577 0.005849910 -0.279626966 0.025774682 -0.006288105 0.999648035 0.912491798
0.999429166 -0.020117477 -0.027138948 -0.025870945 0.020308511 0.999770820 0.006782006 -0.301594168 0.026996288 -0.007329286 0.999608696 0.994593501
0.999589562 -0.010482282 -0.026658380 -0.033356074 0.010598544 0.999934852 0.004223617 -0.319053352 0.026612373 -0.004504424 0.999635637 1.060290217
0.999682188 -0.010145502 -0.023075337 -0.037398681 0.010260643 0.999935448 0.004876913 -0.341448039 0.023024367 -0.005112132 0.999721825 1.141325116
0.999730408 -0.008117539 -0.021750698 -0.044111867 0.008195784 0.999960244 0.003510654 -0.362547606 0.021721330 -0.003687972 0.999757290 1.211237907
0.999623179 -0.014599080 -0.023247924 -0.044722825 0.014840990 0.999837101 0.010267286 -0.387006283 0.023094250 -0.010608439 0.999677002 1.284758568
0.999579072 -0.016456811 -0.023888949 -0.047012277 0.016648086 0.999830723 0.007830255 -0.407916784 0.023756048 -0.008224664 0.999683976 1.358770490
0.999438822 -0.020640137 -0.026378680 -0.048085459 0.020838173 0.999756575 0.007254703 -0.431827426 0.026222523 -0.007800316 0.999625683 1.428878069
0.999525249 -0.021519909 -0.022051021 -0.051103286 0.021715432 0.999726593 0.008666072 -0.454912394 0.021858504 -0.009140804 0.999719322 1.514376044
0.999679685 -0.020184729 -0.015262455 -0.053030118 0.020360289 0.999727309 0.011436548 -0.478998065 0.015027449 -0.011743636 0.999818087 1.581986308
0.999872446 -0.014248554 -0.007201415 -0.057997223 0.014305755 0.999866009 0.007955439 -0.499343783 0.007087097 -0.008057449 0.999942362 1.659538865
0.999838412 -0.017680643 -0.003254965 -0.059210915 0.017714782 0.999785006 0.010776308 -0.522785366 0.003063733 -0.010832227 0.999936581 1.740178108
0.999840498 -0.017859345 -0.000149072 -0.062917419 0.017859882 0.999774694 0.011470452 -0.545618117 -0.000055816 -0.011471285 0.999934137 1.811390519
0.999803782 -0.019701829 -0.002001574 -0.062518530 0.019729123 0.999697566 0.014681329 -0.566177607 0.001711719 -0.014717939 0.999890208 1.899065256
0.999743640 -0.022289617 -0.003965494 -0.062889464 0.022315448 0.999729156 0.006592426 -0.588946104 0.003817478 -0.006679228 0.999970436 1.971296787
0.999701321 -0.024362443 -0.001938422 -0.062847242 0.024381693 0.999646306 0.010620594 -0.613673687 0.001678993 -0.010664686 0.999941707 2.045253038
0.999657214 -0.025985269 0.003198802 -0.060757536 0.025957931 0.999628484 0.008310468 -0.634495020 -0.003413563 -0.008224583 0.999960363 2.119315147
0.999610603 -0.027497841 0.004736362 -0.057864148 0.027452532 0.999579132 0.009378993 -0.656952441 -0.004992272 -0.009245316 0.999944746 2.200576305
0.999631941 -0.026755355 0.004474386 -0.062061112 0.026714234 0.999602616 0.009010138 -0.679534733 -0.004713676 -0.008887294 0.999949396 2.273005724
0.999575138 -0.028280586 0.007058533 -0.061158136 0.028195892 0.999532521 0.011823349 -0.703046739 -0.007389604 -0.011619302 0.999905229 2.348677635
0.999621987 -0.025788415 0.009531454 -0.064171635 0.025689930 0.999616742 0.010314642 -0.726110995 -0.009793799 -0.010065882 0.999901354 2.429782391
0.999450326 -0.029811637 0.014500287 -0.062201586 0.029655505 0.999501169 0.010866165 -0.749422550 -0.014816991 -0.010430180 0.999835789 2.502696991
0.999370337 -0.029309602 0.019998156 -0.060932189 0.029006297 0.999462247 0.015291700 -0.769750416 -0.020435600 -0.014702001 0.999683082 2.586349487
0.999208570 -0.031489804 0.024303412 -0.059731647 0.031227127 0.999450505 0.011113297 -0.794886291 -0.024640013 -0.010345576 0.999642849 2.653524637
0.998972654 -0.031546917 0.032532677 -0.058726065 0.031267598 0.999469936 0.009059102 -0.814796090 -0.032801222 -0.008032575 0.999429643 2.733259439
0.998750269 -0.031812992 0.038544472 -0.057634316 0.031343497 0.999427736 0.012724360 -0.838812172 -0.038927209 -0.011500341 0.999175847 2.809952736
0.998511493 -0.026491104 0.047676444 -0.056342825 0.026183730 0.999632180 0.007060175 -0.861293137 -0.047845937 -0.005801317 0.998837888 2.885314226
0.998098493 -0.026456080 0.055672962 -0.053630129 0.025902836 0.999607801 0.010635756 -0.881585002 -0.055932507 -0.009173443 0.998392522 2.958786964
0.997422278 -0.032354891 0.064048037 -0.045534238 0.031708598 0.999435663 0.011081960 -0.904564142 -0.064370453 -0.009022520 0.997885287 3.039424181
0.996804297 -0.032592639 0.072930858 -0.043947980 0.031443667 0.999363542 0.016847679 -0.928287864 -0.073433563 -0.014500625 0.997194707 3.109444380
0.996353984 -0.033150326 0.078612544 -0.041533068 0.031950846 0.999353826 0.016467536 -0.949863076 -0.079107635 -0.013895757 0.996769309 3.191002369
0.996143758 -0.038790133 0.078694314 -0.030463874 0.037892796 0.999198973 0.012864626 -0.973306537 -0.079130292 -0.009833070 0.996815801 3.260466576
0.995879591 -0.036699317 0.082927749 -0.028188825 0.035827573 0.999286175 0.011976355 -0.995113492 -0.083308078 -0.008955905 0.996483624 3.337113142
0.995716989 -0.034106895 0.085934117 -0.021524638 0.032999232 0.999353409 0.014277830 -1.014627576 -0.086365514 -0.011380915 0.996198535 3.410795450
0.995592058 -0.035177611 0.086942583 -0.015762657 0.034073122 0.999319077 0.014155633 -1.038795829 -0.087381326 -0.011130829 0.996112764 3.479534149
0.995365679 -0.032340962 0.090560697 -0.011426926 0.031540886 0.999449909 0.010252293 -1.060149193 -0.090842448 -0.007348414 0.995838165 3.561338663
0.995603323 -0.034202646 0.087201983 -0.005504429 0.032757089 0.999302149 0.017954901 -1.080678701 -0.087755218 -0.015019475 0.996028781 3.639745474
0.996021628 -0.037023664 0.081056491 0.001483351 0.036344070 0.999290884 0.009844049 -1.103384972 -0.081363469 -0.006858962 0.996660948 3.705814123
0.995831490 -0.039611485 0.082161941 0.006986320 0.038656786 0.999165654 0.013178810 -1.123846054 -0.082615428 -0.009947759 0.996531785 3.785567045
0.995905280 -0.037083399 0.082446709 0.010534972 0.036140844 0.999263525 0.012896010 -1.145148993 -0.082864210 -0.009863512 0.996511996 3.861944437
0.995923340 -0.039543919 0.081072427 0.018393517 0.038639229 0.999172628 0.012698339 -1.166862011 -0.081507467 -0.009513999 0.996627331 3.940851927
0.995911717 -0.034643173 0.083424576 0.021578908 0.033644695 0.999344766 0.013345213 -1.186503530 -0.083832242 -0.010483860 0.996424675 4.005394936
0.995741963 -0.034645204 0.085426070 0.026148945 0.033287890 0.999296725 0.017262742 -1.210070729 -0.085964076 -0.014345585 0.996194959 4.080757141
0.995862544 -0.031306639 0.085309595 0.029029936 0.029805912 0.999378681 0.018809082 -1.232797861 -0.085845441 -0.016188527 0.996176958 4.155118942
0.995700479 -0.033343904 0.086421721 0.035272151 0.031890679 0.999326646 0.018142365 -1.255995035 -0.086968474 -0.015308309 0.996093452 4.228011608
0.995537400 -0.039593104 0.085660279 0.044524670 0.038799979 0.999187469 0.010904740 -1.278921247 -0.086022437 -0.007532460 0.996264637 4.300244808
0.995527089 -0.035549924 0.087532952 0.048694313 0.034742352 0.999338686 0.010732602 -1.300022960 -0.087856606 -0.007643497 0.996103764 4.373813629
0.995497942 -0.038340759 0.086682208 0.055307239 0.037465896 0.999229550 0.011697860 -1.322382331 -0.087063901 -0.008397570 0.996167362 4.446785927
0.995716035 -0.035021275 0.085574962 0.059399188 0.034202751 0.999354243 0.011012974 -1.344752550 -0.085905403 -0.008038895 0.996270835 4.523096561
0.995734751 -0.031130653 0.086853169 0.063120246 0.030185403 0.999470115 0.012175867 -1.365025878 -0.087186210 -0.009502237 0.996146679 4.600130558
0.995722473 -0.031596921 0.086823322 0.070028007 0.029925894 0.999342203 0.020481281 -1.387815475 -0.087413356 -0.017795406 0.996013224 4.677927017
0.995662391 -0.035714876 0.085911058 0.076030940 0.034557663 0.999291301 0.014920002 -1.410567522 -0.086383045 -0.011886401 0.996191084 4.749005795
0.995529830 -0.042273670 0.084458858 0.083957016 0.040949706 0.999010503 0.017348006 -1.431804657 -0.085108653 -0.013811892 0.996275961 4.815058231
0.995813549 -0.037852000 0.083201706 0.087787867 0.036387350 0.999156177 0.019050483 -1.452466369 -0.083852574 -0.015943240 0.996350646 4.903555393
0.995946467 -0.033523109 0.083468713 0.091570109 0.032310922 0.999352515 0.015831785 -1.472733140 -0.083945394 -0.013070661 0.996384680 4.982107162
0.995907068 -0.029786354 0.085333802 0.094455987 0.028605495 0.999477804 0.015027905 -1.497772098 -0.085736871 -0.012525382 0.996239126 5.054892063
0.995437443 -0.028419776 0.091085136 0.099297285 0.026745111 0.999451041 0.019554069 -1.519000053 -0.091590852 -0.017028769 0.995651066 5.127218246
0.995264471 -0.031285100 0.092031091 0.104818910 0.030053047 0.999439597 0.014743245 -1.542718530 -0.092440747 -0.011907615 0.995647013 5.197813511
0.995170534 -0.029335542 0.093675390 0.108785152 0.027766088 0.999452055 0.018014062 -1.562706828 -0.094152533 -0.015326065 0.995439827 5.277822971
0.995577276 -0.030278908 0.088933468 0.114374310 0.029069938 0.999466956 0.014858272 -1.583560467 -0.089335963 -0.012207267 0.995926738 5.353562355
0.995142281 -0.031874299 0.093143791 0.120898634 0.030552108 0.999411643 0.015587183 -1.606515527 -0.093585812 -0.012665727 0.995530665 5.425187588
0.994912863 -0.028905097 0.096503027 0.126073480 0.028084388 0.999557018 0.009852293 -1.629409909 -0.096745059 -0.007091943 0.995283902 5.494618893
0.995032489 -0.026732251 0.095893942 0.133293092 0.025980959 0.999621272 0.009074882 -1.652892470 -0.096100211 -0.006538385 0.995350182 5.566370487
0.994809508 -0.022548458 0.099224851 0.135161519 0.021740766 0.999721289 0.009213937 -1.672946572 -0.099404946 -0.007008889 0.995022357 5.645397663
0.995084345 -0.025046809 0.095811896 0.143724889 0.023547251 0.999582469 0.016750008 -1.695981383 -0.096191414 -0.014411565 0.995258570 5.721205711
0.995143771 -0.030808756 0.093486309 0.150013208 0.029727995 0.999474347 0.012931651 -1.720211387 -0.093835585 -0.010089693 0.995536506 5.793681145
0.995347261 -0.027662251 0.092295535 0.153462768 0.026572460 0.999562144 0.013015943 -1.743619680 -0.092615187 -0.010502866 0.995646536 5.867016315
0.995423675 -0.030265743 0.090641551 0.161869287 0.029198810 0.999488115 0.013074205 -1.763053298 -0.090990856 -0.010367747 0.995797753 5.941387177
0.995085061 -0.025416045 0.095705904 0.166525304 0.024056457 0.999593079 0.015333142 -1.784222484 -0.096056655 -0.012955437 0.995291531 6.023658276
0.994807720 -0.020380300 0.099710077 0.166844696 0.018838640 0.999688387 0.016378725 -1.809301853 -0.100012816 -0.014415280 0.994881749 6.093772411
0.994977355 -0.020494137 0.097979531 0.173961133 0.019270139 0.999724269 0.013422512 -1.829452634 -0.098227590 -0.011467019 0.995097995 6.170132637
0.995002329 -0.021544049 0.097499862 0.179554999 0.020292215 0.999698699 0.013812857 -1.850636601 -0.097768053 -0.011765338 0.995139658 6.243856430
0.995270491 -0.023089906 0.094358250 0.184709102 0.021729747 0.999645054 0.015417125 -1.875882745 -0.094680741 -0.013293831 0.995418847 6.311449051
0.995178342 -0.029414725 0.093567222 0.194941729 0.027927857 0.999462485 0.017161017 -1.896191478 -0.094021723 -0.014465137 0.995465040 6.393809319
0.995223939 -0.032964796 0.091884241 0.202399671 0.031099802 0.999281645 0.021656066 -1.924302816 -0.092532128 -0.018695051 0.995534182 6.467277050
0.995289147 -0.023693297 0.094011523 0.204580873 0.022106420 0.999595642 0.017885424 -1.938806891 -0.094397269 -0.015722910 0.995410442 6.546671867
0.995262921 -0.021245874 0.094869830 0.208031923 0.019439736 0.999612510 0.019921929 -1.961726427 -0.095256336 -0.017983316 0.995290279 6.623709202
0.995199919 -0.023546528 0.094987661 0.216051459 0.022143746 0.999630034 0.015795324 -1.985669971 -0.095324442 -0.013616123 0.995353103 6.697097301
0.995201707 -0.022894584 0.095128298 0.222178072 0.021286773 0.999613523 0.017882207 -2.010373354 -0.095500931 -0.015771428 0.995304286 6.771650314
0.995127976 -0.029841540 0.093967021 0.230440050 0.028052324 0.999400139 0.020304816 -2.031429768 -0.094516598 -0.017569900 0.995368183 6.849450588
0.995152891 -0.028700264 0.094058245 0.236603290 0.027117454 0.999468982 0.018063363 -2.053654909 -0.094526730 -0.015425188 0.995402753 6.920618057
0.995124817 -0.026390959 0.095026746 0.241106749 0.024799258 0.999532282 0.017892446 -2.075316668 -0.095454507 -0.015448623 0.995313883 7.001433372
0.994782865 -0.014428181 0.100989945 0.236365855 0.012912238 0.999794185 0.015648467 -2.101313591 -0.101194948 -0.014262822 0.994764388 7.078374863
0.995201230 -0.026070319 0.094312526 0.253960878 0.024640365 0.999563575 0.016294967 -2.118334532 -0.094696194 -0.013892879 0.995409250 7.152895451
0.995280802 -0.031901002 0.091643646 0.263757646 0.030401248 0.999380767 0.017715018 -2.143975973 -0.092152037 -0.014845333 0.995634258 7.219485283
0.995357573 -0.031588804 0.090914518 0.267395914 0.029639006 0.999302447 0.022717625 -2.166446447 -0.091568723 -0.019917544 0.995599568 7.302494049
0.995352745 -0.033684988 0.090211958 0.273344815 0.031945694 0.999276161 0.020655483 -2.190612078 -0.090842426 -0.017677609 0.995708406 7.375444412
0.995350480 -0.029364707 0.091733173 0.275751740 0.027257785 0.999336958 0.024137259 -2.212536097 -0.092381157 -0.021524591 0.995491028 7.458153725
0.995412171 -0.028357143 0.091380090 0.281686306 0.027048385 0.999513447 0.015529145 -2.235071182 -0.091776021 -0.012986220 0.995694935 7.530636787
0.995409787 -0.026469935 0.091971204 0.286859035 0.025136445 0.999561787 0.015627421 -2.263803005 -0.092344567 -0.013243857 0.995639026 7.610685349
0.995537221 -0.027815621 0.090176791 0.291945100 0.026549248 0.999531686 0.015212659 -2.285580397 -0.090557717 -0.012750645 0.995809495 7.685460091
0.995674610 -0.026314050 0.089104623 0.294443667 0.025041353 0.999568164 0.015371261 -2.306925535 -0.089470632 -0.013073473 0.995903671 7.756045818
0.995757759 -0.028212814 0.087581314 0.300795496 0.026589599 0.999453366 0.019645650 -2.327455997 -0.088087678 -0.017233552 0.995963633 7.835943222
0.995782375 -0.024986634 0.088277876 0.304870188 0.023423184 0.999550700 0.018702475 -2.349951506 -0.088705510 -0.016555849 0.995920300 7.911580563
0.995997906 -0.018965364 0.087340176 0.307502329 0.017189723 0.999630868 0.021037696 -2.373378277 -0.087706894 -0.019452151 0.995956361 7.984699249
0.996091843 -0.025264924 0.084632792 0.317017764 0.023536168 0.999494731 0.021362513 -2.395219564 -0.085129760 -0.019287094 0.996183097 8.062679291
0.996484339 -0.027023204 0.079301424 0.323455006 0.026432287 0.999614537 0.008491975 -2.419434309 -0.079500355 -0.006365999 0.996814430 8.134747505
0.995716512 -0.030162621 0.087400295 0.330796659 0.028514467 0.999392390 0.020045383 -2.439555883 -0.087951817 -0.017467350 0.995971501 8.223975182
0.995792985 -0.025170712 0.088106528 0.333792180 0.022972967 0.999401331 0.025870014 -2.462177992 -0.088704951 -0.023737112 0.995774984 8.294135094
0.995821059 -0.024274966 0.088040873 0.339795709 0.022448959 0.999513090 0.021671759 -2.486206770 -0.088524088 -0.019604763 0.995881081 8.369848251
0.995852888 -0.025696779 0.087273508 0.344351470 0.023728436 0.999441743 0.023516927 -2.508590698 -0.087829120 -0.021348538 0.995906770 8.444998741
0.995929956 -0.023450173 0.087026544 0.349191785 0.021978742 0.999599457 0.017827820 -2.529305696 -0.087409772 -0.015842529 0.996046484 8.515535355
0.995968163 -0.021984670 0.086971901 0.353423506 0.020716924 0.999665976 0.015452472 -2.550394297 -0.087282561 -0.013588378 0.996090829 8.600441933
0.996044815 -0.020974152 0.086340442 0.358266354 0.019902723 0.999714017 0.013251620 -2.570142269 -0.086593688 -0.011480798 0.996177554 8.686952591
0.996232688 -0.017363120 0.084964380 0.360381931 0.015932836 0.999720216 0.017483208 -2.593230009 -0.085244171 -0.016063616 0.996230602 8.758914948
0.996375501 -0.022953434 0.081908636 0.368310839 0.020781118 0.999411821 0.027275959 -2.616285563 -0.082486548 -0.025474941 0.996266544 8.834125519
0.996386051 -0.022291088 0.081964046 0.373343557 0.020467786 0.999525487 0.023018572 -2.637636900 -0.082438275 -0.021257756 0.996369481 8.913148880
0.996448338 -0.024793016 0.080474027 0.378636897 0.022943359 0.999452770 0.023828521 -2.661587238 -0.081020758 -0.021897543 0.996471763 8.984343529
0.996690631 -0.021722782 0.078331746 0.382431388 0.019981552 0.999537170 0.022944676 -2.681920290 -0.078793906 -0.021303561 0.996663272 9.063369751
0.996650040 -0.025009705 0.077866487 0.389489949 0.023229001 0.999449432 0.023691181 -2.706219673 -0.078416154 -0.021803051 0.996682405 9.133959770
0.996744752 -0.022300577 0.077476583 0.391235888 0.020528132 0.999510705 0.023598852 -2.726351023 -0.077964924 -0.021931581 0.996714830 9.207447052
0.996837676 -0.029714882 0.073700264 0.399801463 0.027796043 0.999250889 0.026926368 -2.749376774 -0.074445151 -0.024792643 0.996916890 9.277041435
0.996964335 -0.027663104 0.072781458 0.402047813 0.025816072 0.999323368 0.026197484 -2.772760630 -0.073456928 -0.024239026 0.997003794 9.364928246
0.997028649 -0.029196732 0.071283862 0.406571954 0.027718928 0.999381661 0.021633463 -2.791981459 -0.071871400 -0.019593269 0.997221589 9.449498177
0.997153640 -0.030983608 0.068735898 0.413479030 0.029612066 0.999343276 0.020883998 -2.815759182 -0.069337830 -0.018789144 0.997416198 9.528599739
0.997137487 -0.025439385 0.071200639 0.413146526 0.024012612 0.999494672 0.020823630 -2.835179806 -0.071694426 -0.019054314 0.997244537 9.606159210
0.997208118 -0.024780497 0.070440821 0.417253286 0.023134718 0.999442220 0.024084702 -2.861585379 -0.070998356 -0.022387827 0.997225165 9.673308372
0.997203231 -0.025288148 0.070329629 0.419293910 0.023304503 0.999311090 0.028883988 -2.882437468 -0.071011581 -0.027164204 0.997105539 9.760122299
0.997218430 -0.030271487 0.068112642 0.424195766 0.028429391 0.999207795 0.027853757 -2.906938791 -0.068901852 -0.025839875 0.997288764 9.832302094
0.997083366 -0.036378831 0.067090824 0.431668043 0.034406904 0.998947978 0.030317003 -2.926762104 -0.068123132 -0.027920194 0.997286141 9.912932396
0.997099996 -0.036966942 0.066521332 0.439187318 0.035086647 0.998957157 0.029216133 -2.947106600 -0.067531988 -0.026797395 0.997357190 9.979197502
0.997134924 -0.028267425 0.070163541 0.438898802 0.026341010 0.999254286 0.028231276 -2.965271473 -0.070909224 -0.026302213 0.997135937 10.063567162
0.997051835 -0.027914971 0.071474046 0.442121208 0.025852585 0.999226928 0.029619467 -2.986632824 -0.072245628 -0.027684351 0.997002721 10.139466286
0.997044325 -0.024842918 0.072702982 0.441745460 0.022763448 0.999311566 0.029292582 -3.008814096 -0.073380657 -0.027551029 0.996923387 10.214384079
0.996986270 -0.028394766 0.072195292 0.447768360 0.026444275 0.999262810 0.027830848 -3.033094883 -0.072932310 -0.025837818 0.997002065 10.288749695
0.997170448 -0.028338429 0.069628216 0.453686178 0.026684564 0.999341846 0.024569348 -3.053683758 -0.070278652 -0.022641830 0.997270405 10.371809006
0.997136593 -0.029195743 0.069758266 0.455481172 0.027332665 0.999247670 0.027514674 -3.073573589 -0.070509098 -0.025529210 0.997184396 10.453266144
0.997140706 -0.023498885 0.071820907 0.456944525 0.021599095 0.999398947 0.027114954 -3.093715906 -0.072414912 -0.025486162 0.997048914 10.524840355
0.997289956 -0.025312109 0.069079988 0.463560492 0.023274267 0.999274492 0.030146997 -3.115623236 -0.069792964 -0.028457509 0.997155428 10.596822739
0.997526705 -0.027504757 0.064683110 0.468602985 0.025733318 0.999274909 0.028062172 -3.136114836 -0.065408051 -0.026328253 0.997511208 10.673728943
0.997638583 -0.031752955 0.060901374 0.471852988 0.029907789 0.999072671 0.030973731 -3.158862829 -0.061828405 -0.029079165 0.997663081 10.754590034
0.997731090 -0.034966834 0.057532746 0.480003387 0.033155773 0.998933256 0.032138299 -3.183919191 -0.058595158 -0.030157838 0.997826159 10.822690964
0.997854888 -0.029730871 0.058322858 0.480640948 0.027860114 0.999079108 0.032631118 -3.203361273 -0.059239302 -0.030936237 0.997764349 10.902139664
0.997940540 -0.021144548 0.060559444 0.479233652 0.019312082 0.999342501 0.030686092 -3.225764275 -0.061168473 -0.029453363 0.997692823 10.980544090
